name: bakeoff
channels:
  - conda-forge
  - bioconda
  - defaults
dependencies:
  - bbmap=39.01=hd5a9a93_1
  - blast=2.16.0=h461d46c_3
  - blat=35=1
  - bowtie2=2.2.5=py27h04f5b5a_4
  - bwa=0.7.18=h10309d6_1
  - bzip2=1.0.8=hfdf4475_7
  - c-ares=1.34.4=hf13058a_0
  - ca-certificates=2024.12.14=h8857fd0_0
  - certifi=2019.11.28=py27h8c360ce_1
  - curl=7.87.0=haf73cf8_0
  - entrez-direct=22.4=h193322a_0
  - gem3-mapper=3.6.1=h5af1d6a_12
  - gettext=0.22.5=hdfe23c8_3
  - gettext-tools=0.22.5=hdfe23c8_3
  - gmap=2024.05.20=pl5321h5af1d6a_0
  - hisat2=2.2.0=py27hf160534_4
  - htslib=1.16=h567f53e_0
  - icu=70.1=h96cf925_0
  - k8=0.2.5=hdf58011_4
  - krb5=1.20.1=h0165f36_0
  - libasprintf=0.22.5=hdfe23c8_3
  - libasprintf-devel=0.22.5=hdfe23c8_3
  - libcurl=7.87.0=haf73cf8_0
  - libcxx=19.1.6=hf95d169_1
  - libdeflate=1.23=he65b83e_0
  - libedit=3.1.20240808=pl5321ha958ccf_0
  - libev=4.33=h10d778d_2
  - libffi=3.2.1=hb1e8313_1007
  - libgettextpo=0.22.5=hdfe23c8_3
  - libgettextpo-devel=0.22.5=hdfe23c8_3
  - libiconv=1.17=hd75f5a5_2
  - libidn2=2.3.7=h10d778d_0
  - libintl=0.22.5=hdfe23c8_3
  - libintl-devel=0.22.5=hdfe23c8_3
  - libnghttp2=1.51.0=h0dd9d14_0
  - libpng=1.6.43=h92b6c6a_0
  - libsqlite=3.46.0=h1b8f9f3_0
  - libssh2=1.10.0=h7535e13_3
  - libunistring=0.9.10=h0d85af4_0
  - libxml2=2.9.14=hea49891_4
  - libzlib=1.2.13=h87427d6_6
  - magicblast=1.7.0=h984fb42_0
  - minimap2=2.28=h10309d6_3
  - ncbi-vdb=3.1.1=h5fa12a8_3
  - ncurses=6.5=hf036a51_1
  - openjdk=22.0.1=h2d185b6_0
  - openssl=1.1.1w=h8a1eda9_0
  - pblat=2.5.1=h8ea37c3_1
  - pbzip2=1.1.13=h92b232e_2
  - perl=5.32.1=7_h10d778d_perl5
  - perl-archive-tar=2.40=pl5321hdfd78af_0
  - perl-carp=1.50=pl5321hd8ed1ab_0
  - perl-common-sense=3.75=pl5321hd8ed1ab_0
  - perl-compress-raw-bzip2=2.201=pl5321haeee4d3_0
  - perl-compress-raw-zlib=2.202=pl5321h0aa47d9_0
  - perl-constant=1.33=pl5321hd8ed1ab_0
  - perl-encode=3.21=pl5321h00291cd_1
  - perl-exporter=5.74=pl5321hd8ed1ab_0
  - perl-exporter-tiny=1.002002=pl5321hd8ed1ab_0
  - perl-extutils-makemaker=7.70=pl5321hd8ed1ab_0
  - perl-file-util=4.201720=pl5321hdfd78af_0
  - perl-io-compress=2.201=pl5321h5eaf441_4
  - perl-io-zlib=1.14=pl5321hdfd78af_0
  - perl-json=4.10=pl5321hdfd78af_1
  - perl-json-xs=4.03=pl5321h5fa12a8_4
  - perl-lib=0.63=pl5321hd8ed1ab_0
  - perl-list-moreutils=0.430=pl5321hdfd78af_0
  - perl-list-moreutils-xs=0.430=pl5321h18d8cf3_4
  - perl-parent=0.243=pl5321hd8ed1ab_0
  - perl-pathtools=3.75=pl5321h6e16a3a_1
  - perl-scalar-list-utils=1.68=pl5321h6e16a3a_0
  - perl-storable=3.15=pl5321h00291cd_0
  - perl-types-serialiser=1.01=pl5321hdfd78af_0
  - pip=20.1.1=pyh9f0ad1d_0
  - python=2.7.15=h8e446fc_1011_cpython
  - python_abi=2.7=1_cp27m
  - readline=8.2=h9e318b2_1
  - rpsbproc=0.5.0=h43736c0_1
  - samtools=1.16.1=h7e39424_1
  - segemehl=0.2.0=0
  - setuptools=44.0.0=py27_0
  - sqlite=3.46.0=h28673e1_0
  - star=2.7.10b=h527b516_0
  - subread=2.0.6=h45fc8d7_2
  - tk=8.6.13=h1abcd95_1
  - tophat=2.1.1=py27_3
  - wget=1.20.3=h52ee1ee_1
  - wheel=0.37.1=pyhd8ed1ab_0
  - xz=5.2.6=h775f41a_0
  - zlib=1.2.13=h87427d6_6
prefix: /Users/iankorf/miniforge3/envs/bakeoff
